		"attack 1,1 1,1": [930,570,930,400],
		"attack 1,1 2,1": [930,570,870,400],
		"attack 1,1 2,2": [930,570,1000,400],
		"attack 1,1 3,1": [930,570,800,400],
		"attack 1,1 3,2": [930,570,930,400],
		"attack 1,1 3,3": [930,570,1060,400],
		"attack 1,1 4,1": [930,570,740,400],
		"attack 1,1 4,2": [930,570,870,400],
		"attack 1,1 4,3": [930,570,1000,400],
		"attack 1,1 4,4": [930,570,1130,400],
		"attack 1,1 5,1": [930,570,670,400],
		"attack 1,1 5,2": [930,570,800,400],
		"attack 1,1 5,3": [930,570,930,400],
		"attack 1,1 5,4": [930,570,1060,400],
		"attack 1,1 5,5": [930,570,1190,400],
		"attack 1,1 6,1": [930,570,610,400],
		"attack 1,1 6,2": [930,570,740,400],
		"attack 1,1 6,3": [930,570,870,400],
		"attack 1,1 6,4": [930,570,1000,400],
		"attack 1,1 6,5": [930,570,1130,400],
		"attack 1,1 6,6": [930,570,1260,400],
		"attack 1,1 7,1": [930,570,540,400],
		"attack 1,1 7,2": [930,570,670,400],
		"attack 1,1 7,3": [930,570,800,400],
		"attack 1,1 7,4": [930,570,930,400],
		"attack 1,1 7,5": [930,570,1060,400],
		"attack 1,1 7,6": [930,570,1190,400],
		"attack 1,1 7,7": [930,570,1320,400],
		"attack 2,1 1,1": [870,570,930,400],
		"attack 2,2 1,1": [1000,570,930,400],
		"attack 2,1 2,1": [870,570,870,400],
		"attack 2,2 2,1": [1000,570,870,400],
		"attack 2,1 2,2": [870,570,1000,400],
		"attack 2,2 2,2": [1000,570,1000,400],
		"attack 2,1 3,1": [870,570,800,400],
		"attack 2,2 3,1": [1000,570,800,400],
		"attack 2,1 3,2": [870,570,930,400],
		"attack 2,2 3,2": [1000,570,930,400],
		"attack 2,1 3,3": [870,570,1060,400],
		"attack 2,2 3,3": [1000,570,1060,400],
		"attack 2,1 4,1": [870,570,740,400],
		"attack 2,2 4,1": [1000,570,740,400],
		"attack 2,1 4,2": [870,570,870,400],
		"attack 2,2 4,2": [1000,570,870,400],
		"attack 2,1 4,3": [870,570,1000,400],
		"attack 2,2 4,3": [1000,570,1000,400],
		"attack 2,1 4,4": [870,570,1130,400],
		"attack 2,2 4,4": [1000,570,1130,400],
		"attack 2,1 5,1": [870,570,670,400],
		"attack 2,2 5,1": [1000,570,670,400],
		"attack 2,1 5,2": [870,570,800,400],
		"attack 2,2 5,2": [1000,570,800,400],
		"attack 2,1 5,3": [870,570,930,400],
		"attack 2,2 5,3": [1000,570,930,400],
		"attack 2,1 5,4": [870,570,1060,400],
		"attack 2,2 5,4": [1000,570,1060,400],
		"attack 2,1 5,5": [870,570,1190,400],
		"attack 2,2 5,5": [1000,570,1190,400],
		"attack 2,1 6,1": [870,570,610,400],
		"attack 2,2 6,1": [1000,570,610,400],
		"attack 2,1 6,2": [870,570,740,400],
		"attack 2,2 6,2": [1000,570,740,400],
		"attack 2,1 6,3": [870,570,870,400],
		"attack 2,2 6,3": [1000,570,870,400],
		"attack 2,1 6,4": [870,570,1000,400],
		"attack 2,2 6,4": [1000,570,1000,400],
		"attack 2,1 6,5": [870,570,1130,400],
		"attack 2,2 6,5": [1000,570,1130,400],
		"attack 2,1 6,6": [870,570,1260,400],
		"attack 2,2 6,6": [1000,570,1260,400],
		"attack 2,1 7,1": [870,570,540,400],
		"attack 2,2 7,1": [1000,570,540,400],
		"attack 2,1 7,2": [870,570,670,400],
		"attack 2,2 7,2": [1000,570,670,400],
		"attack 2,1 7,3": [870,570,800,400],
		"attack 2,2 7,3": [1000,570,800,400],
		"attack 2,1 7,4": [870,570,930,400],
		"attack 2,2 7,4": [1000,570,930,400],
		"attack 2,1 7,5": [870,570,1060,400],
		"attack 2,2 7,5": [1000,570,1060,400],
		"attack 2,1 7,6": [870,570,1190,400],
		"attack 2,2 7,6": [1000,570,1190,400],
		"attack 2,1 7,7": [870,570,1320,400],
		"attack 2,2 7,7": [1000,570,1320,400],
		"attack 3,1 1,1": [800,570,930,400],
		"attack 3,2 1,1": [930,570,930,400],
		"attack 3,3 1,1": [1060,570,930,400],
		"attack 3,1 2,1": [800,570,870,400],
		"attack 3,2 2,1": [930,570,870,400],
		"attack 3,3 2,1": [1060,570,870,400],
		"attack 3,1 2,2": [800,570,1000,400],
		"attack 3,2 2,2": [930,570,1000,400],
		"attack 3,3 2,2": [1060,570,1000,400],
		"attack 3,1 3,1": [800,570,800,400],
		"attack 3,2 3,1": [930,570,800,400],
		"attack 3,3 3,1": [1060,570,800,400],
		"attack 3,1 3,2": [800,570,930,400],
		"attack 3,2 3,2": [930,570,930,400],
		"attack 3,3 3,2": [1060,570,930,400],
		"attack 3,1 3,3": [800,570,1060,400],
		"attack 3,2 3,3": [930,570,1060,400],
		"attack 3,3 3,3": [1060,570,1060,400],
		"attack 3,1 4,1": [800,570,740,400],
		"attack 3,2 4,1": [930,570,740,400],
		"attack 3,3 4,1": [1060,570,740,400],
		"attack 3,1 4,2": [800,570,870,400],
		"attack 3,2 4,2": [930,570,870,400],
		"attack 3,3 4,2": [1060,570,870,400],
		"attack 3,1 4,3": [800,570,1000,400],
		"attack 3,2 4,3": [930,570,1000,400],
		"attack 3,3 4,3": [1060,570,1000,400],
		"attack 3,1 4,4": [800,570,1130,400],
		"attack 3,2 4,4": [930,570,1130,400],
		"attack 3,3 4,4": [1060,570,1130,400],
		"attack 3,1 5,1": [800,570,670,400],
		"attack 3,2 5,1": [930,570,670,400],
		"attack 3,3 5,1": [1060,570,670,400],
		"attack 3,1 5,2": [800,570,800,400],
		"attack 3,2 5,2": [930,570,800,400],
		"attack 3,3 5,2": [1060,570,800,400],
		"attack 3,1 5,3": [800,570,930,400],
		"attack 3,2 5,3": [930,570,930,400],
		"attack 3,3 5,3": [1060,570,930,400],
		"attack 3,1 5,4": [800,570,1060,400],
		"attack 3,2 5,4": [930,570,1060,400],
		"attack 3,3 5,4": [1060,570,1060,400],
		"attack 3,1 5,5": [800,570,1190,400],
		"attack 3,2 5,5": [930,570,1190,400],
		"attack 3,3 5,5": [1060,570,1190,400],
		"attack 3,1 6,1": [800,570,610,400],
		"attack 3,2 6,1": [930,570,610,400],
		"attack 3,3 6,1": [1060,570,610,400],
		"attack 3,1 6,2": [800,570,740,400],
		"attack 3,2 6,2": [930,570,740,400],
		"attack 3,3 6,2": [1060,570,740,400],
		"attack 3,1 6,3": [800,570,870,400],
		"attack 3,2 6,3": [930,570,870,400],
		"attack 3,3 6,3": [1060,570,870,400],
		"attack 3,1 6,4": [800,570,1000,400],
		"attack 3,2 6,4": [930,570,1000,400],
		"attack 3,3 6,4": [1060,570,1000,400],
		"attack 3,1 6,5": [800,570,1130,400],
		"attack 3,2 6,5": [930,570,1130,400],
		"attack 3,3 6,5": [1060,570,1130,400],
		"attack 3,1 6,6": [800,570,1260,400],
		"attack 3,2 6,6": [930,570,1260,400],
		"attack 3,3 6,6": [1060,570,1260,400],
		"attack 3,1 7,1": [800,570,540,400],
		"attack 3,2 7,1": [930,570,540,400],
		"attack 3,3 7,1": [1060,570,540,400],
		"attack 3,1 7,2": [800,570,670,400],
		"attack 3,2 7,2": [930,570,670,400],
		"attack 3,3 7,2": [1060,570,670,400],
		"attack 3,1 7,3": [800,570,800,400],
		"attack 3,2 7,3": [930,570,800,400],
		"attack 3,3 7,3": [1060,570,800,400],
		"attack 3,1 7,4": [800,570,930,400],
		"attack 3,2 7,4": [930,570,930,400],
		"attack 3,3 7,4": [1060,570,930,400],
		"attack 3,1 7,5": [800,570,1060,400],
		"attack 3,2 7,5": [930,570,1060,400],
		"attack 3,3 7,5": [1060,570,1060,400],
		"attack 3,1 7,6": [800,570,1190,400],
		"attack 3,2 7,6": [930,570,1190,400],
		"attack 3,3 7,6": [1060,570,1190,400],
		"attack 3,1 7,7": [800,570,1320,400],
		"attack 3,2 7,7": [930,570,1320,400],
		"attack 3,3 7,7": [1060,570,1320,400],
		"attack 4,1 1,1": [740,570,930,400],
		"attack 4,2 1,1": [870,570,930,400],
		"attack 4,3 1,1": [1000,570,930,400],
		"attack 4,4 1,1": [1130,570,930,400],
		"attack 4,1 2,1": [740,570,870,400],
		"attack 4,2 2,1": [870,570,870,400],
		"attack 4,3 2,1": [1000,570,870,400],
		"attack 4,4 2,1": [1130,570,870,400],
		"attack 4,1 2,2": [740,570,1000,400],
		"attack 4,2 2,2": [870,570,1000,400],
		"attack 4,3 2,2": [1000,570,1000,400],
		"attack 4,4 2,2": [1130,570,1000,400],
		"attack 4,1 3,1": [740,570,800,400],
		"attack 4,2 3,1": [870,570,800,400],
		"attack 4,3 3,1": [1000,570,800,400],
		"attack 4,4 3,1": [1130,570,800,400],
		"attack 4,1 3,2": [740,570,930,400],
		"attack 4,2 3,2": [870,570,930,400],
		"attack 4,3 3,2": [1000,570,930,400],
		"attack 4,4 3,2": [1130,570,930,400],
		"attack 4,1 3,3": [740,570,1060,400],
		"attack 4,2 3,3": [870,570,1060,400],
		"attack 4,3 3,3": [1000,570,1060,400],
		"attack 4,4 3,3": [1130,570,1060,400],
		"attack 4,1 4,1": [740,570,740,400],
		"attack 4,2 4,1": [870,570,740,400],
		"attack 4,3 4,1": [1000,570,740,400],
		"attack 4,4 4,1": [1130,570,740,400],
		"attack 4,1 4,2": [740,570,870,400],
		"attack 4,2 4,2": [870,570,870,400],
		"attack 4,3 4,2": [1000,570,870,400],
		"attack 4,4 4,2": [1130,570,870,400],
		"attack 4,1 4,3": [740,570,1000,400],
		"attack 4,2 4,3": [870,570,1000,400],
		"attack 4,3 4,3": [1000,570,1000,400],
		"attack 4,4 4,3": [1130,570,1000,400],
		"attack 4,1 4,4": [740,570,1130,400],
		"attack 4,2 4,4": [870,570,1130,400],
		"attack 4,3 4,4": [1000,570,1130,400],
		"attack 4,4 4,4": [1130,570,1130,400],
		"attack 4,1 5,1": [740,570,670,400],
		"attack 4,2 5,1": [870,570,670,400],
		"attack 4,3 5,1": [1000,570,670,400],
		"attack 4,4 5,1": [1130,570,670,400],
		"attack 4,1 5,2": [740,570,800,400],
		"attack 4,2 5,2": [870,570,800,400],
		"attack 4,3 5,2": [1000,570,800,400],
		"attack 4,4 5,2": [1130,570,800,400],
		"attack 4,1 5,3": [740,570,930,400],
		"attack 4,2 5,3": [870,570,930,400],
		"attack 4,3 5,3": [1000,570,930,400],
		"attack 4,4 5,3": [1130,570,930,400],
		"attack 4,1 5,4": [740,570,1060,400],
		"attack 4,2 5,4": [870,570,1060,400],
		"attack 4,3 5,4": [1000,570,1060,400],
		"attack 4,4 5,4": [1130,570,1060,400],
		"attack 4,1 5,5": [740,570,1190,400],
		"attack 4,2 5,5": [870,570,1190,400],
		"attack 4,3 5,5": [1000,570,1190,400],
		"attack 4,4 5,5": [1130,570,1190,400],
		"attack 4,1 6,1": [740,570,610,400],
		"attack 4,2 6,1": [870,570,610,400],
		"attack 4,3 6,1": [1000,570,610,400],
		"attack 4,4 6,1": [1130,570,610,400],
		"attack 4,1 6,2": [740,570,740,400],
		"attack 4,2 6,2": [870,570,740,400],
		"attack 4,3 6,2": [1000,570,740,400],
		"attack 4,4 6,2": [1130,570,740,400],
		"attack 4,1 6,3": [740,570,870,400],
		"attack 4,2 6,3": [870,570,870,400],
		"attack 4,3 6,3": [1000,570,870,400],
		"attack 4,4 6,3": [1130,570,870,400],
		"attack 4,1 6,4": [740,570,1000,400],
		"attack 4,2 6,4": [870,570,1000,400],
		"attack 4,3 6,4": [1000,570,1000,400],
		"attack 4,4 6,4": [1130,570,1000,400],
		"attack 4,1 6,5": [740,570,1130,400],
		"attack 4,2 6,5": [870,570,1130,400],
		"attack 4,3 6,5": [1000,570,1130,400],
		"attack 4,4 6,5": [1130,570,1130,400],
		"attack 4,1 6,6": [740,570,1260,400],
		"attack 4,2 6,6": [870,570,1260,400],
		"attack 4,3 6,6": [1000,570,1260,400],
		"attack 4,4 6,6": [1130,570,1260,400],
		"attack 4,1 7,1": [740,570,540,400],
		"attack 4,2 7,1": [870,570,540,400],
		"attack 4,3 7,1": [1000,570,540,400],
		"attack 4,4 7,1": [1130,570,540,400],
		"attack 4,1 7,2": [740,570,670,400],
		"attack 4,2 7,2": [870,570,670,400],
		"attack 4,3 7,2": [1000,570,670,400],
		"attack 4,4 7,2": [1130,570,670,400],
		"attack 4,1 7,3": [740,570,800,400],
		"attack 4,2 7,3": [870,570,800,400],
		"attack 4,3 7,3": [1000,570,800,400],
		"attack 4,4 7,3": [1130,570,800,400],
		"attack 4,1 7,4": [740,570,930,400],
		"attack 4,2 7,4": [870,570,930,400],
		"attack 4,3 7,4": [1000,570,930,400],
		"attack 4,4 7,4": [1130,570,930,400],
		"attack 4,1 7,5": [740,570,1060,400],
		"attack 4,2 7,5": [870,570,1060,400],
		"attack 4,3 7,5": [1000,570,1060,400],
		"attack 4,4 7,5": [1130,570,1060,400],
		"attack 4,1 7,6": [740,570,1190,400],
		"attack 4,2 7,6": [870,570,1190,400],
		"attack 4,3 7,6": [1000,570,1190,400],
		"attack 4,4 7,6": [1130,570,1190,400],
		"attack 4,1 7,7": [740,570,1320,400],
		"attack 4,2 7,7": [870,570,1320,400],
		"attack 4,3 7,7": [1000,570,1320,400],
		"attack 4,4 7,7": [1130,570,1320,400],
		"attack 5,1 1,1": [670,570,930,400],
		"attack 5,2 1,1": [800,570,930,400],
		"attack 5,3 1,1": [930,570,930,400],
		"attack 5,4 1,1": [1060,570,930,400],
		"attack 5,5 1,1": [1190,570,930,400],
		"attack 5,1 2,1": [670,570,870,400],
		"attack 5,2 2,1": [800,570,870,400],
		"attack 5,3 2,1": [930,570,870,400],
		"attack 5,4 2,1": [1060,570,870,400],
		"attack 5,5 2,1": [1190,570,870,400],
		"attack 5,1 2,2": [670,570,1000,400],
		"attack 5,2 2,2": [800,570,1000,400],
		"attack 5,3 2,2": [930,570,1000,400],
		"attack 5,4 2,2": [1060,570,1000,400],
		"attack 5,5 2,2": [1190,570,1000,400],
		"attack 5,1 3,1": [670,570,800,400],
		"attack 5,2 3,1": [800,570,800,400],
		"attack 5,3 3,1": [930,570,800,400],
		"attack 5,4 3,1": [1060,570,800,400],
		"attack 5,5 3,1": [1190,570,800,400],
		"attack 5,1 3,2": [670,570,930,400],
		"attack 5,2 3,2": [800,570,930,400],
		"attack 5,3 3,2": [930,570,930,400],
		"attack 5,4 3,2": [1060,570,930,400],
		"attack 5,5 3,2": [1190,570,930,400],
		"attack 5,1 3,3": [670,570,1060,400],
		"attack 5,2 3,3": [800,570,1060,400],
		"attack 5,3 3,3": [930,570,1060,400],
		"attack 5,4 3,3": [1060,570,1060,400],
		"attack 5,5 3,3": [1190,570,1060,400],
		"attack 5,1 4,1": [670,570,740,400],
		"attack 5,2 4,1": [800,570,740,400],
		"attack 5,3 4,1": [930,570,740,400],
		"attack 5,4 4,1": [1060,570,740,400],
		"attack 5,5 4,1": [1190,570,740,400],
		"attack 5,1 4,2": [670,570,870,400],
		"attack 5,2 4,2": [800,570,870,400],
		"attack 5,3 4,2": [930,570,870,400],
		"attack 5,4 4,2": [1060,570,870,400],
		"attack 5,5 4,2": [1190,570,870,400],
		"attack 5,1 4,3": [670,570,1000,400],
		"attack 5,2 4,3": [800,570,1000,400],
		"attack 5,3 4,3": [930,570,1000,400],
		"attack 5,4 4,3": [1060,570,1000,400],
		"attack 5,5 4,3": [1190,570,1000,400],
		"attack 5,1 4,4": [670,570,1130,400],
		"attack 5,2 4,4": [800,570,1130,400],
		"attack 5,3 4,4": [930,570,1130,400],
		"attack 5,4 4,4": [1060,570,1130,400],
		"attack 5,5 4,4": [1190,570,1130,400],
		"attack 5,1 5,1": [670,570,670,400],
		"attack 5,2 5,1": [800,570,670,400],
		"attack 5,3 5,1": [930,570,670,400],
		"attack 5,4 5,1": [1060,570,670,400],
		"attack 5,5 5,1": [1190,570,670,400],
		"attack 5,1 5,2": [670,570,800,400],
		"attack 5,2 5,2": [800,570,800,400],
		"attack 5,3 5,2": [930,570,800,400],
		"attack 5,4 5,2": [1060,570,800,400],
		"attack 5,5 5,2": [1190,570,800,400],
		"attack 5,1 5,3": [670,570,930,400],
		"attack 5,2 5,3": [800,570,930,400],
		"attack 5,3 5,3": [930,570,930,400],
		"attack 5,4 5,3": [1060,570,930,400],
		"attack 5,5 5,3": [1190,570,930,400],
		"attack 5,1 5,4": [670,570,1060,400],
		"attack 5,2 5,4": [800,570,1060,400],
		"attack 5,3 5,4": [930,570,1060,400],
		"attack 5,4 5,4": [1060,570,1060,400],
		"attack 5,5 5,4": [1190,570,1060,400],
		"attack 5,1 5,5": [670,570,1190,400],
		"attack 5,2 5,5": [800,570,1190,400],
		"attack 5,3 5,5": [930,570,1190,400],
		"attack 5,4 5,5": [1060,570,1190,400],
		"attack 5,5 5,5": [1190,570,1190,400],
		"attack 5,1 6,1": [670,570,610,400],
		"attack 5,2 6,1": [800,570,610,400],
		"attack 5,3 6,1": [930,570,610,400],
		"attack 5,4 6,1": [1060,570,610,400],
		"attack 5,5 6,1": [1190,570,610,400],
		"attack 5,1 6,2": [670,570,740,400],
		"attack 5,2 6,2": [800,570,740,400],
		"attack 5,3 6,2": [930,570,740,400],
		"attack 5,4 6,2": [1060,570,740,400],
		"attack 5,5 6,2": [1190,570,740,400],
		"attack 5,1 6,3": [670,570,870,400],
		"attack 5,2 6,3": [800,570,870,400],
		"attack 5,3 6,3": [930,570,870,400],
		"attack 5,4 6,3": [1060,570,870,400],
		"attack 5,5 6,3": [1190,570,870,400],
		"attack 5,1 6,4": [670,570,1000,400],
		"attack 5,2 6,4": [800,570,1000,400],
		"attack 5,3 6,4": [930,570,1000,400],
		"attack 5,4 6,4": [1060,570,1000,400],
		"attack 5,5 6,4": [1190,570,1000,400],
		"attack 5,1 6,5": [670,570,1130,400],
		"attack 5,2 6,5": [800,570,1130,400],
		"attack 5,3 6,5": [930,570,1130,400],
		"attack 5,4 6,5": [1060,570,1130,400],
		"attack 5,5 6,5": [1190,570,1130,400],
		"attack 5,1 6,6": [670,570,1260,400],
		"attack 5,2 6,6": [800,570,1260,400],
		"attack 5,3 6,6": [930,570,1260,400],
		"attack 5,4 6,6": [1060,570,1260,400],
		"attack 5,5 6,6": [1190,570,1260,400],
		"attack 5,1 7,1": [670,570,540,400],
		"attack 5,2 7,1": [800,570,540,400],
		"attack 5,3 7,1": [930,570,540,400],
		"attack 5,4 7,1": [1060,570,540,400],
		"attack 5,5 7,1": [1190,570,540,400],
		"attack 5,1 7,2": [670,570,670,400],
		"attack 5,2 7,2": [800,570,670,400],
		"attack 5,3 7,2": [930,570,670,400],
		"attack 5,4 7,2": [1060,570,670,400],
		"attack 5,5 7,2": [1190,570,670,400],
		"attack 5,1 7,3": [670,570,800,400],
		"attack 5,2 7,3": [800,570,800,400],
		"attack 5,3 7,3": [930,570,800,400],
		"attack 5,4 7,3": [1060,570,800,400],
		"attack 5,5 7,3": [1190,570,800,400],
		"attack 5,1 7,4": [670,570,930,400],
		"attack 5,2 7,4": [800,570,930,400],
		"attack 5,3 7,4": [930,570,930,400],
		"attack 5,4 7,4": [1060,570,930,400],
		"attack 5,5 7,4": [1190,570,930,400],
		"attack 5,1 7,5": [670,570,1060,400],
		"attack 5,2 7,5": [800,570,1060,400],
		"attack 5,3 7,5": [930,570,1060,400],
		"attack 5,4 7,5": [1060,570,1060,400],
		"attack 5,5 7,5": [1190,570,1060,400],
		"attack 5,1 7,6": [670,570,1190,400],
		"attack 5,2 7,6": [800,570,1190,400],
		"attack 5,3 7,6": [930,570,1190,400],
		"attack 5,4 7,6": [1060,570,1190,400],
		"attack 5,5 7,6": [1190,570,1190,400],
		"attack 5,1 7,7": [670,570,1320,400],
		"attack 5,2 7,7": [800,570,1320,400],
		"attack 5,3 7,7": [930,570,1320,400],
		"attack 5,4 7,7": [1060,570,1320,400],
		"attack 5,5 7,7": [1190,570,1320,400],
		"attack 6,1 1,1": [610,570,930,400],
		"attack 6,2 1,1": [740,570,930,400],
		"attack 6,3 1,1": [870,570,930,400],
		"attack 6,4 1,1": [1000,570,930,400],
		"attack 6,5 1,1": [1130,570,930,400],
		"attack 6,6 1,1": [1260,570,930,400],
		"attack 6,1 2,1": [610,570,870,400],
		"attack 6,2 2,1": [740,570,870,400],
		"attack 6,3 2,1": [870,570,870,400],
		"attack 6,4 2,1": [1000,570,870,400],
		"attack 6,5 2,1": [1130,570,870,400],
		"attack 6,6 2,1": [1260,570,870,400],
		"attack 6,1 2,2": [610,570,1000,400],
		"attack 6,2 2,2": [740,570,1000,400],
		"attack 6,3 2,2": [870,570,1000,400],
		"attack 6,4 2,2": [1000,570,1000,400],
		"attack 6,5 2,2": [1130,570,1000,400],
		"attack 6,6 2,2": [1260,570,1000,400],
		"attack 6,1 3,1": [610,570,800,400],
		"attack 6,2 3,1": [740,570,800,400],
		"attack 6,3 3,1": [870,570,800,400],
		"attack 6,4 3,1": [1000,570,800,400],
		"attack 6,5 3,1": [1130,570,800,400],
		"attack 6,6 3,1": [1260,570,800,400],
		"attack 6,1 3,2": [610,570,930,400],
		"attack 6,2 3,2": [740,570,930,400],
		"attack 6,3 3,2": [870,570,930,400],
		"attack 6,4 3,2": [1000,570,930,400],
		"attack 6,5 3,2": [1130,570,930,400],
		"attack 6,6 3,2": [1260,570,930,400],
		"attack 6,1 3,3": [610,570,1060,400],
		"attack 6,2 3,3": [740,570,1060,400],
		"attack 6,3 3,3": [870,570,1060,400],
		"attack 6,4 3,3": [1000,570,1060,400],
		"attack 6,5 3,3": [1130,570,1060,400],
		"attack 6,6 3,3": [1260,570,1060,400],
		"attack 6,1 4,1": [610,570,740,400],
		"attack 6,2 4,1": [740,570,740,400],
		"attack 6,3 4,1": [870,570,740,400],
		"attack 6,4 4,1": [1000,570,740,400],
		"attack 6,5 4,1": [1130,570,740,400],
		"attack 6,6 4,1": [1260,570,740,400],
		"attack 6,1 4,2": [610,570,870,400],
		"attack 6,2 4,2": [740,570,870,400],
		"attack 6,3 4,2": [870,570,870,400],
		"attack 6,4 4,2": [1000,570,870,400],
		"attack 6,5 4,2": [1130,570,870,400],
		"attack 6,6 4,2": [1260,570,870,400],
		"attack 6,1 4,3": [610,570,1000,400],
		"attack 6,2 4,3": [740,570,1000,400],
		"attack 6,3 4,3": [870,570,1000,400],
		"attack 6,4 4,3": [1000,570,1000,400],
		"attack 6,5 4,3": [1130,570,1000,400],
		"attack 6,6 4,3": [1260,570,1000,400],
		"attack 6,1 4,4": [610,570,1130,400],
		"attack 6,2 4,4": [740,570,1130,400],
		"attack 6,3 4,4": [870,570,1130,400],
		"attack 6,4 4,4": [1000,570,1130,400],
		"attack 6,5 4,4": [1130,570,1130,400],
		"attack 6,6 4,4": [1260,570,1130,400],
		"attack 6,1 5,1": [610,570,670,400],
		"attack 6,2 5,1": [740,570,670,400],
		"attack 6,3 5,1": [870,570,670,400],
		"attack 6,4 5,1": [1000,570,670,400],
		"attack 6,5 5,1": [1130,570,670,400],
		"attack 6,6 5,1": [1260,570,670,400],
		"attack 6,1 5,2": [610,570,800,400],
		"attack 6,2 5,2": [740,570,800,400],
		"attack 6,3 5,2": [870,570,800,400],
		"attack 6,4 5,2": [1000,570,800,400],
		"attack 6,5 5,2": [1130,570,800,400],
		"attack 6,6 5,2": [1260,570,800,400],
		"attack 6,1 5,3": [610,570,930,400],
		"attack 6,2 5,3": [740,570,930,400],
		"attack 6,3 5,3": [870,570,930,400],
		"attack 6,4 5,3": [1000,570,930,400],
		"attack 6,5 5,3": [1130,570,930,400],
		"attack 6,6 5,3": [1260,570,930,400],
		"attack 6,1 5,4": [610,570,1060,400],
		"attack 6,2 5,4": [740,570,1060,400],
		"attack 6,3 5,4": [870,570,1060,400],
		"attack 6,4 5,4": [1000,570,1060,400],
		"attack 6,5 5,4": [1130,570,1060,400],
		"attack 6,6 5,4": [1260,570,1060,400],
		"attack 6,1 5,5": [610,570,1190,400],
		"attack 6,2 5,5": [740,570,1190,400],
		"attack 6,3 5,5": [870,570,1190,400],
		"attack 6,4 5,5": [1000,570,1190,400],
		"attack 6,5 5,5": [1130,570,1190,400],
		"attack 6,6 5,5": [1260,570,1190,400],
		"attack 6,1 6,1": [610,570,610,400],
		"attack 6,2 6,1": [740,570,610,400],
		"attack 6,3 6,1": [870,570,610,400],
		"attack 6,4 6,1": [1000,570,610,400],
		"attack 6,5 6,1": [1130,570,610,400],
		"attack 6,6 6,1": [1260,570,610,400],
		"attack 6,1 6,2": [610,570,740,400],
		"attack 6,2 6,2": [740,570,740,400],
		"attack 6,3 6,2": [870,570,740,400],
		"attack 6,4 6,2": [1000,570,740,400],
		"attack 6,5 6,2": [1130,570,740,400],
		"attack 6,6 6,2": [1260,570,740,400],
		"attack 6,1 6,3": [610,570,870,400],
		"attack 6,2 6,3": [740,570,870,400],
		"attack 6,3 6,3": [870,570,870,400],
		"attack 6,4 6,3": [1000,570,870,400],
		"attack 6,5 6,3": [1130,570,870,400],
		"attack 6,6 6,3": [1260,570,870,400],
		"attack 6,1 6,4": [610,570,1000,400],
		"attack 6,2 6,4": [740,570,1000,400],
		"attack 6,3 6,4": [870,570,1000,400],
		"attack 6,4 6,4": [1000,570,1000,400],
		"attack 6,5 6,4": [1130,570,1000,400],
		"attack 6,6 6,4": [1260,570,1000,400],
		"attack 6,1 6,5": [610,570,1130,400],
		"attack 6,2 6,5": [740,570,1130,400],
		"attack 6,3 6,5": [870,570,1130,400],
		"attack 6,4 6,5": [1000,570,1130,400],
		"attack 6,5 6,5": [1130,570,1130,400],
		"attack 6,6 6,5": [1260,570,1130,400],
		"attack 6,1 6,6": [610,570,1260,400],
		"attack 6,2 6,6": [740,570,1260,400],
		"attack 6,3 6,6": [870,570,1260,400],
		"attack 6,4 6,6": [1000,570,1260,400],
		"attack 6,5 6,6": [1130,570,1260,400],
		"attack 6,6 6,6": [1260,570,1260,400],
		"attack 6,1 7,1": [610,570,540,400],
		"attack 6,2 7,1": [740,570,540,400],
		"attack 6,3 7,1": [870,570,540,400],
		"attack 6,4 7,1": [1000,570,540,400],
		"attack 6,5 7,1": [1130,570,540,400],
		"attack 6,6 7,1": [1260,570,540,400],
		"attack 6,1 7,2": [610,570,670,400],
		"attack 6,2 7,2": [740,570,670,400],
		"attack 6,3 7,2": [870,570,670,400],
		"attack 6,4 7,2": [1000,570,670,400],
		"attack 6,5 7,2": [1130,570,670,400],
		"attack 6,6 7,2": [1260,570,670,400],
		"attack 6,1 7,3": [610,570,800,400],
		"attack 6,2 7,3": [740,570,800,400],
		"attack 6,3 7,3": [870,570,800,400],
		"attack 6,4 7,3": [1000,570,800,400],
		"attack 6,5 7,3": [1130,570,800,400],
		"attack 6,6 7,3": [1260,570,800,400],
		"attack 6,1 7,4": [610,570,930,400],
		"attack 6,2 7,4": [740,570,930,400],
		"attack 6,3 7,4": [870,570,930,400],
		"attack 6,4 7,4": [1000,570,930,400],
		"attack 6,5 7,4": [1130,570,930,400],
		"attack 6,6 7,4": [1260,570,930,400],
		"attack 6,1 7,5": [610,570,1060,400],
		"attack 6,2 7,5": [740,570,1060,400],
		"attack 6,3 7,5": [870,570,1060,400],
		"attack 6,4 7,5": [1000,570,1060,400],
		"attack 6,5 7,5": [1130,570,1060,400],
		"attack 6,6 7,5": [1260,570,1060,400],
		"attack 6,1 7,6": [610,570,1190,400],
		"attack 6,2 7,6": [740,570,1190,400],
		"attack 6,3 7,6": [870,570,1190,400],
		"attack 6,4 7,6": [1000,570,1190,400],
		"attack 6,5 7,6": [1130,570,1190,400],
		"attack 6,6 7,6": [1260,570,1190,400],
		"attack 6,1 7,7": [610,570,1320,400],
		"attack 6,2 7,7": [740,570,1320,400],
		"attack 6,3 7,7": [870,570,1320,400],
		"attack 6,4 7,7": [1000,570,1320,400],
		"attack 6,5 7,7": [1130,570,1320,400],
		"attack 6,6 7,7": [1260,570,1320,400],
		"attack 7,1 1,1": [540,570,930,400],
		"attack 7,2 1,1": [670,570,930,400],
		"attack 7,3 1,1": [800,570,930,400],
		"attack 7,4 1,1": [930,570,930,400],
		"attack 7,5 1,1": [1060,570,930,400],
		"attack 7,6 1,1": [1190,570,930,400],
		"attack 7,7 1,1": [1320,570,930,400],
		"attack 7,1 2,1": [540,570,870,400],
		"attack 7,2 2,1": [670,570,870,400],
		"attack 7,3 2,1": [800,570,870,400],
		"attack 7,4 2,1": [930,570,870,400],
		"attack 7,5 2,1": [1060,570,870,400],
		"attack 7,6 2,1": [1190,570,870,400],
		"attack 7,7 2,1": [1320,570,870,400],
		"attack 7,1 2,2": [540,570,1000,400],
		"attack 7,2 2,2": [670,570,1000,400],
		"attack 7,3 2,2": [800,570,1000,400],
		"attack 7,4 2,2": [930,570,1000,400],
		"attack 7,5 2,2": [1060,570,1000,400],
		"attack 7,6 2,2": [1190,570,1000,400],
		"attack 7,7 2,2": [1320,570,1000,400],
		"attack 7,1 3,1": [540,570,800,400],
		"attack 7,2 3,1": [670,570,800,400],
		"attack 7,3 3,1": [800,570,800,400],
		"attack 7,4 3,1": [930,570,800,400],
		"attack 7,5 3,1": [1060,570,800,400],
		"attack 7,6 3,1": [1190,570,800,400],
		"attack 7,7 3,1": [1320,570,800,400],
		"attack 7,1 3,2": [540,570,930,400],
		"attack 7,2 3,2": [670,570,930,400],
		"attack 7,3 3,2": [800,570,930,400],
		"attack 7,4 3,2": [930,570,930,400],
		"attack 7,5 3,2": [1060,570,930,400],
		"attack 7,6 3,2": [1190,570,930,400],
		"attack 7,7 3,2": [1320,570,930,400],
		"attack 7,1 3,3": [540,570,1060,400],
		"attack 7,2 3,3": [670,570,1060,400],
		"attack 7,3 3,3": [800,570,1060,400],
		"attack 7,4 3,3": [930,570,1060,400],
		"attack 7,5 3,3": [1060,570,1060,400],
		"attack 7,6 3,3": [1190,570,1060,400],
		"attack 7,7 3,3": [1320,570,1060,400],
		"attack 7,1 4,1": [540,570,740,400],
		"attack 7,2 4,1": [670,570,740,400],
		"attack 7,3 4,1": [800,570,740,400],
		"attack 7,4 4,1": [930,570,740,400],
		"attack 7,5 4,1": [1060,570,740,400],
		"attack 7,6 4,1": [1190,570,740,400],
		"attack 7,7 4,1": [1320,570,740,400],
		"attack 7,1 4,2": [540,570,870,400],
		"attack 7,2 4,2": [670,570,870,400],
		"attack 7,3 4,2": [800,570,870,400],
		"attack 7,4 4,2": [930,570,870,400],
		"attack 7,5 4,2": [1060,570,870,400],
		"attack 7,6 4,2": [1190,570,870,400],
		"attack 7,7 4,2": [1320,570,870,400],
		"attack 7,1 4,3": [540,570,1000,400],
		"attack 7,2 4,3": [670,570,1000,400],
		"attack 7,3 4,3": [800,570,1000,400],
		"attack 7,4 4,3": [930,570,1000,400],
		"attack 7,5 4,3": [1060,570,1000,400],
		"attack 7,6 4,3": [1190,570,1000,400],
		"attack 7,7 4,3": [1320,570,1000,400],
		"attack 7,1 4,4": [540,570,1130,400],
		"attack 7,2 4,4": [670,570,1130,400],
		"attack 7,3 4,4": [800,570,1130,400],
		"attack 7,4 4,4": [930,570,1130,400],
		"attack 7,5 4,4": [1060,570,1130,400],
		"attack 7,6 4,4": [1190,570,1130,400],
		"attack 7,7 4,4": [1320,570,1130,400],
		"attack 7,1 5,1": [540,570,670,400],
		"attack 7,2 5,1": [670,570,670,400],
		"attack 7,3 5,1": [800,570,670,400],
		"attack 7,4 5,1": [930,570,670,400],
		"attack 7,5 5,1": [1060,570,670,400],
		"attack 7,6 5,1": [1190,570,670,400],
		"attack 7,7 5,1": [1320,570,670,400],
		"attack 7,1 5,2": [540,570,800,400],
		"attack 7,2 5,2": [670,570,800,400],
		"attack 7,3 5,2": [800,570,800,400],
		"attack 7,4 5,2": [930,570,800,400],
		"attack 7,5 5,2": [1060,570,800,400],
		"attack 7,6 5,2": [1190,570,800,400],
		"attack 7,7 5,2": [1320,570,800,400],
		"attack 7,1 5,3": [540,570,930,400],
		"attack 7,2 5,3": [670,570,930,400],
		"attack 7,3 5,3": [800,570,930,400],
		"attack 7,4 5,3": [930,570,930,400],
		"attack 7,5 5,3": [1060,570,930,400],
		"attack 7,6 5,3": [1190,570,930,400],
		"attack 7,7 5,3": [1320,570,930,400],
		"attack 7,1 5,4": [540,570,1060,400],
		"attack 7,2 5,4": [670,570,1060,400],
		"attack 7,3 5,4": [800,570,1060,400],
		"attack 7,4 5,4": [930,570,1060,400],
		"attack 7,5 5,4": [1060,570,1060,400],
		"attack 7,6 5,4": [1190,570,1060,400],
		"attack 7,7 5,4": [1320,570,1060,400],
		"attack 7,1 5,5": [540,570,1190,400],
		"attack 7,2 5,5": [670,570,1190,400],
		"attack 7,3 5,5": [800,570,1190,400],
		"attack 7,4 5,5": [930,570,1190,400],
		"attack 7,5 5,5": [1060,570,1190,400],
		"attack 7,6 5,5": [1190,570,1190,400],
		"attack 7,7 5,5": [1320,570,1190,400],
		"attack 7,1 6,1": [540,570,610,400],
		"attack 7,2 6,1": [670,570,610,400],
		"attack 7,3 6,1": [800,570,610,400],
		"attack 7,4 6,1": [930,570,610,400],
		"attack 7,5 6,1": [1060,570,610,400],
		"attack 7,6 6,1": [1190,570,610,400],
		"attack 7,7 6,1": [1320,570,610,400],
		"attack 7,1 6,2": [540,570,740,400],
		"attack 7,2 6,2": [670,570,740,400],
		"attack 7,3 6,2": [800,570,740,400],
		"attack 7,4 6,2": [930,570,740,400],
		"attack 7,5 6,2": [1060,570,740,400],
		"attack 7,6 6,2": [1190,570,740,400],
		"attack 7,7 6,2": [1320,570,740,400],
		"attack 7,1 6,3": [540,570,870,400],
		"attack 7,2 6,3": [670,570,870,400],
		"attack 7,3 6,3": [800,570,870,400],
		"attack 7,4 6,3": [930,570,870,400],
		"attack 7,5 6,3": [1060,570,870,400],
		"attack 7,6 6,3": [1190,570,870,400],
		"attack 7,7 6,3": [1320,570,870,400],
		"attack 7,1 6,4": [540,570,1000,400],
		"attack 7,2 6,4": [670,570,1000,400],
		"attack 7,3 6,4": [800,570,1000,400],
		"attack 7,4 6,4": [930,570,1000,400],
		"attack 7,5 6,4": [1060,570,1000,400],
		"attack 7,6 6,4": [1190,570,1000,400],
		"attack 7,7 6,4": [1320,570,1000,400],
		"attack 7,1 6,5": [540,570,1130,400],
		"attack 7,2 6,5": [670,570,1130,400],
		"attack 7,3 6,5": [800,570,1130,400],
		"attack 7,4 6,5": [930,570,1130,400],
		"attack 7,5 6,5": [1060,570,1130,400],
		"attack 7,6 6,5": [1190,570,1130,400],
		"attack 7,7 6,5": [1320,570,1130,400],
		"attack 7,1 6,6": [540,570,1260,400],
		"attack 7,2 6,6": [670,570,1260,400],
		"attack 7,3 6,6": [800,570,1260,400],
		"attack 7,4 6,6": [930,570,1260,400],
		"attack 7,5 6,6": [1060,570,1260,400],
		"attack 7,6 6,6": [1190,570,1260,400],
		"attack 7,7 6,6": [1320,570,1260,400],
		"attack 7,1 7,1": [540,570,540,400],
		"attack 7,2 7,1": [670,570,540,400],
		"attack 7,3 7,1": [800,570,540,400],
		"attack 7,4 7,1": [930,570,540,400],
		"attack 7,5 7,1": [1060,570,540,400],
		"attack 7,6 7,1": [1190,570,540,400],
		"attack 7,7 7,1": [1320,570,540,400],
		"attack 7,1 7,2": [540,570,670,400],
		"attack 7,2 7,2": [670,570,670,400],
		"attack 7,3 7,2": [800,570,670,400],
		"attack 7,4 7,2": [930,570,670,400],
		"attack 7,5 7,2": [1060,570,670,400],
		"attack 7,6 7,2": [1190,570,670,400],
		"attack 7,7 7,2": [1320,570,670,400],
		"attack 7,1 7,3": [540,570,800,400],
		"attack 7,2 7,3": [670,570,800,400],
		"attack 7,3 7,3": [800,570,800,400],
		"attack 7,4 7,3": [930,570,800,400],
		"attack 7,5 7,3": [1060,570,800,400],
		"attack 7,6 7,3": [1190,570,800,400],
		"attack 7,7 7,3": [1320,570,800,400],
		"attack 7,1 7,4": [540,570,930,400],
		"attack 7,2 7,4": [670,570,930,400],
		"attack 7,3 7,4": [800,570,930,400],
		"attack 7,4 7,4": [930,570,930,400],
		"attack 7,5 7,4": [1060,570,930,400],
		"attack 7,6 7,4": [1190,570,930,400],
		"attack 7,7 7,4": [1320,570,930,400],
		"attack 7,1 7,5": [540,570,1060,400],
		"attack 7,2 7,5": [670,570,1060,400],
		"attack 7,3 7,5": [800,570,1060,400],
		"attack 7,4 7,5": [930,570,1060,400],
		"attack 7,5 7,5": [1060,570,1060,400],
		"attack 7,6 7,5": [1190,570,1060,400],
		"attack 7,7 7,5": [1320,570,1060,400],
		"attack 7,1 7,6": [540,570,1190,400],
		"attack 7,2 7,6": [670,570,1190,400],
		"attack 7,3 7,6": [800,570,1190,400],
		"attack 7,4 7,6": [930,570,1190,400],
		"attack 7,5 7,6": [1060,570,1190,400],
		"attack 7,6 7,6": [1190,570,1190,400],
		"attack 7,7 7,6": [1320,570,1190,400],
		"attack 7,1 7,7": [540,570,1320,400],
		"attack 7,2 7,7": [670,570,1320,400],
		"attack 7,3 7,7": [800,570,1320,400],
		"attack 7,4 7,7": [930,570,1320,400],
		"attack 7,5 7,7": [1060,570,1320,400],
		"attack 7,6 7,7": [1190,570,1320,400],
		"attack 7,7 7,7": [1320,570,1320,400],
